,ID,Client,Latitude,Longitude,cluster_label
2,3,Dayanis_10,25.949633,-80.280748,0
3,4,Wabyy_,25.867947,-80.30792,0
4,5,Wabyy_,25.986615,-80.389558,0
5,6,eliiizabeth.__,25.619406,-80.427357,0
7,8,betsy4513,25.45588,-80.43948,0
8,9,kevg305,25.909754,-80.337282,0
11,12,_Wilson_world,25.548208,-80.378468,0
12,13,Drey_uhhh,25.73555,-80.385851,0
13,14,Drey_uhhh,25.702964,-80.39980600000001,0
14,15,Melisa,25.875042,-80.310713,0
15,16,Melisa,25.899725,-80.337944,0
16,17,Chave1496,25.796535000000002,-80.23481899999999,0
17,18,Denise Nunez,25.854878,-80.27339599999999,0
18,19,Monika Client,25.933772,-80.327272,0
19,20,Cindy_x98,25.721073,-80.381112,0
20,21,Cindy_x98,25.609076,-80.441792,0
21,22,Mily Client,25.85633,-80.287508,0
25,26,Claudiadaamn,25.870162,-80.32715999999999,0
26,27,el_pitynq,25.71264,-80.43203199999999,0
27,28,Imi_rguez,25.887652,-80.31809799999999,0
28,29,valenmachp,25.929102,-80.304068,0
29,30,Omayrarod_03,25.767088,-80.27747099999999,0
30,31,ssotoxo,25.882567,-80.331127,0
31,32,Sergio Gener,25.720914,-80.407891,0
32,33,Ivan Asencion,25.700156,-80.417381,0
33,34,Joey1114,25.966784,-80.346919,0
34,35,Ryan,26.014356,-80.222985,0
36,37,Tony9334,25.9429,-80.339292,0
38,39,silviagallardo06,25.770551,-80.251593,0
39,40,_.yendriitaah,25.607788,-80.426484,0
41,42,Catalina_roa13,25.68771,-80.34878499999999,0
43,44,Isabella client,25.724319,-80.354282,0
44,45,Asleen,25.883882999999997,-80.313973,0
46,47,_lian_rose,25.602578,-80.423699,0
48,49,Thalia Cliente,25.937114,-80.320012,0
49,50,Thalia Cliente,25.941636,-80.34614300000001,0
50,51,Yissell Castro,25.950523,-80.26330300000001,0
51,52,gcaraballo12,25.755625,-80.302871,0
52,53,leslie_55,25.988207,-80.315276,0
53,54,Vickyymello,25.736043,-80.393279,0
54,55,Francesiitah21,25.470714,-80.495811,0
56,57,Miguel,25.874353,-80.326662,0
57,58,Jessica Fleitas,25.902959,-80.301147,0
58,59,Grizel Client,25.929776,-80.28321600000001,0
60,61,Arian,25.621769,-80.420698,0
61,62,Arian,25.674866,-80.431113,0
62,63,glendafenz,25.710372,-80.444236,0
63,64,yusniel16,25.771166,-80.397552,0
65,66,ohhsolyy,25.931565,-80.326758,0
66,67,ohhsolyy,25.921676,-80.332595,0
68,69,Chanell cliente,25.88901,-80.22227099999999,0
